id,gender,age,pc_num,actor,actor_gender,m,v,eye,pc_num,r.dominant,r.threat,r.attract,r.trust,p.extravers,p.conscient,p.neurot,p.open,p.agreeable,chi,chi_p,p_min,p_max,nationality
1,2,32,14,1,2,10.724,8.0671,1,14,3,2,6,6,4,3,5,4,6,3.3208,0.65066,0,1,2
2,1,33,12,7,1,6.667,3.0214,1,12,3,3,3,4,6,2,7,7,7,1.9847,0.85125,0,1,9
3,2,52,12,6,1,8.5332,30.997,1,12,2,2,1,2,5,2,6,5,5,1.0433,0.959,0.22222,1,1
4,2,21,12,6,1,4.0763,1.168,1,12,4,1,1,2,4,6,7,6,7,1.074,0.95638,0,1,9
5,1,59,14,4,2,10.848,73.483,1,14,1,1,5,4,9,5,8,2,4,1.4185,0.92228,0.25,1,5
6,1,21,12,5,2,8.6596,6.7237,1,12,6,4,8,7,7,4,4,5,4,2.5908,0.76276,0,1,5
7,2,30,12,5,2,14.477,3.2687,1,12,1,1,7,9,5,3,7,6,2,5.4758,0.3606,0,0.72727,1
8,1,32,14,3,1,17.299,43.112,1,14,1,1,1,1,2,4,10,3,7,3.7013,0.59317,0,1,1
9,2,27,14,4,2,11.989,15.369,1,14,4,1,5,2,8,5,4,3,5,4.6476,0.46038,0,1,1
10,1,25,12,6,1,8.0608,10.777,1,12,4,4,3,4,5,5,8,3,6,1.5655,0.90539,0,1,1
11,2,24,12,2,1,12.552,5.8309,1,12,4,2,3,6,4,5,5,5,4,3.6507,0.60071,0,1,2
12,1,26,14,7,1,8.5088,3.2987,1,14,2,2,5,6,4,5,9,4,5,3.1268,0.68044,0,1,2
13,2,26,12,7,1,17.314,91.33,1,12,5,2,6,7,7,3,7,2,6,3.9601,0.55518,0,1,1
14,1,25,14,7,1,15.04,10.552,1,14,1,1,1,4,4,5,9,3,8,2.0307,0.84487,0,1,6
15,1,32,14,2,1,13.578,6.3438,1,14,2,2,4,4,3,5,10,5,5,2.0196,0.56835,0,1,1
16,2,39,12,7,1,10.306,3.202,1,12,2,3,1,3,8,8,4,6,6,3.0297,0.69541,0,1,5
17,1,40,14,7,1,29.328,193.18,1,14,6,2,2,1,5,3,6,5,3,8.6673,0.12309,0.2,1,5
18,2,25,14,8,2,17.987,9.3725,1,14,6,2,6,2,5,4,6,6,5,4.1301,0.53083,0,0.71429,1
19,2,26,12,8,2,10.704,39.804,1,12,6,5,5,6,6,7,3,5,7,3.5823,0.61097,0.14286,0.83333,1
20,2,29,12,2,1,7.6427,24.189,1,12,4,3,3,9,6,5,7,6,5,2.3604,0.79736,0,1,15
21,1,50,14,4,2,12.409,7.4058,1,14,6,4,6,6,8,6,6,4,6,3.2165,0.66664,0,1,1
22,1,20,12,7,1,7.9508,3.4716,1,12,1,1,3,6,8,8,5,5,7,2.0341,0.8444,0,1,4
24,2,32,12,2,1,19.987,9.1118,1,12,1,1,3,4,3,6,7,6,4,4.8564,0.43365,0,1,1
26,1,19,14,4,2,12.758,27.715,1,14,3,5,1,3,5,6,7,5,6,44.397,1.9239e-08,0,1,14
27,2,19,12,1,2,6.753,44.691,1,12,6,3,3,5,5,5,3,3,5,1.4618,0.91744,0,0.75,14
28,2,26,12,1,2,9.451,1.8956,1,12,1,1,2,5,8,3,6,6,6,3.0063,0.69901,0,1,1
29,1,31,14,1,2,11.194,3.4386,1,14,3,1,1,7,6,2,8,7,9,7.0125,0.21971,0,1,1
30,2,60,14,4,2,7,0.45541,1,14,2,1,5,7,7,5,6,7,5,1,0.9098,0,1,1
32,2,19,12,8,2,13.021,19.859,1,12,6,2,4,5,5,5,6,5,4,5.0664,0.40783,0,0.8,1
36,2,28,12,7,1,15.399,5.2607,1,12,1,1,1,5,6,2,4,2,4,3.0219,0.69661,0,1,5
37,1,27,14,5,2,9.5289,14.967,1,14,1,1,5,5,6,6,4,7,6,1.4978,0.91332,0,1,5
38,2,11,12,7,1,15.614,57.382,1,12,2,7,3,2,8,5,6,7,6,3.1048,0.68384,0,0.66667,5
39,2,17,12,8,2,17.573,30.254,1,12,2,1,6,4,3,6,4,6,5,2.7913,0.73212,0,1,5
40,2,27,12,2,1,12.06,2.4318,1,12,5,5,4,4,8,4,4,5,6,3.0101,0.69843,0,1,1
41,1,16,14,5,2,9.2666,16.413,1,14,3,1,7,7,6,3,8,3,4,5.4484,0.36364,0,1,1
44,2,45,14,8,2,8.7511,6.0854,1,14,3,3,5,5,6,4,4,5,4,3.1514,0.67666,0,1,5
46,2,18,12,7,1,14.867,32.514,1,12,1,1,1,5,4,7,5,7,4,2.3331,0.80139,0,1,5
47,1,25,14,1,2,17.905,13.613,1,14,5,4,7,7,5,5,8,4,6,4.2251,0.51748,0,0.75,5
48,1,25,12,7,1,6.1173,5.6426,1,12,3,6,3,5,5,5,6,6,4,1.1649,0.9482,0,1,5
49,1,21,14,8,2,15.048,7.0696,1,14,4,1,9,8,2,5,6,2,4,3.2733,0.65793,0,1,2
50,1,20,12,2,1,12.897,24.355,1,12,2,1,1,6,5,8,7,2,6,87.351,0,0.2,1,2
51,2,12,12,8,2,9.2867,6.7935,1,12,7,1,9,7,3,7,9,6,4,3.0926,0.68571,0,1,2
52,1,23,14,6,1,13.35,25.663,1,14,2,2,1,4,5,6,8,6,6,7.4213,0.19114,0,1,2
53,1,22,12,7,1,7.9719,6.5115,1,12,2,1,3,7,6,6,8,5,6,2.3537,0.79835,0,1,2
54,2,71,12,6,1,9.9148,14.033,0,12,1,1,1,3,6,6,7,5,7,32.03,5.8609e-06,0.14286,1,1
55,2,21,14,6,1,11.651,3.1053,1,14,2,2,1,2,7,4,3,6,3,3.4014,0.63836,0,1,1
56,1,53,14,1,2,48.482,587.78,1,14,6,2,8,8,5,5,8,3,5,11.657,0.039797,0,0,1
58,1,35,14,6,1,8.1102,4.7989,1,14,8,6,4,8,5,6,7,6,5,2.2115,0.81917,0,1,5
59,1,50,14,7,1,9.203,13.654,1,14,5,1,5,3,3,6,10,6,6,1.3193,0.93293,0,1,7
60,2,54,12,2,1,10.885,2.2629,1,12,3,1,7,8,8,3,2,5,5,3.0326,0.69496,0,1,1
61,2,18,14,8,2,11.7,14.994,1,14,4,3,4,4,5,5,6,5,6,2.3705,0.79586,0,1,3
62,2,19,12,2,1,7.4552,4.774,1,12,8,7,1,1,2,4,5,4,4,1.0114,0.7985,0,1,3
63,2,41,14,8,2,18.633,106.96,1,14,5,9,2,2,6,4,7,8,5,6.2426,0.28333,0,0.66667,4
64,2,26,12,7,1,11.055,20.46,1,12,3,2,4,3,4,4,8,3,6,2.449,0.78415,0,1,1
65,2,21,14,4,2,12.58,31.489,1,14,4,6,7,7,5,6,6,6,6,3.7101,0.59186,0,0,2
66,2,22,12,2,1,21.831,18.693,0,12,2,2,3,5,6,6,5,3,4,5.3272,0.37727,0,0.42857,2
67,1,24,14,7,1,8.7216,3.2307,1,14,1,1,2,4,8,4,5,3,7,2.062,0.8405,0,1,9
68,1,27,12,7,1,15.229,7.03,0,12,1,1,3,4,3,5,6,4,8,2.024,0.84582,0,1,1
69,2,50,12,1,2,10.993,29.514,0,12,1,1,9,9,4,7,7,6,6,4.2892,0.50857,0,1,5
70,2,29,14,8,2,5.375,0.98583,1,14,2,2,7,6,5,4,7,3,8,1.001,0.96248,0,1,9
71,1,30,14,2,1,14.216,7.8664,1,14,3,3,4,4,6,3,6,3,5,2.7481,0.73876,0,1,9
72,2,23,12,1,2,14.043,36.318,1,12,4,3,4,7,2,4,4,5,4,3.7133,0.59138,0,1,1
73,2,24,14,7,1,10.236,1.3896,1,14,3,1,6,6,6,3,8,2,4,2.0181,0.84664,0,1,1
74,2,18,12,7,1,3.5568,3.4671,0,12,1,1,1,3,7,6,5,6,6,0.33508,0.99693,0.15385,1,2
76,1,60,14,7,1,7.7312,0.90016,1,14,1,1,5,5,3,3,6,3,8,2,0.84914,0,1,9
77,2,23,14,8,2,8.888,0.28356,1,14,1,1,5,5,5,3,3,4,3,3,0.69999,0,1,1
78,1,22,14,2,1,26.677,65.393,1,14,1,1,1,3,2,3,8,6,6,4.5151,0.47786,0,0.5,1
79,1,28,12,7,1,15.759,9.6532,1,12,1,2,1,5,5,7,6,6,3,2.9597,0.70619,0,1,1
80,2,24,12,2,1,6.9613,4.0854,1,12,5,8,2,4,4,4,10,3,3,1.0451,0.90288,0,1,13
81,1,27,14,8,2,8.8786,3.0851,1,14,1,1,1,3,4,6,9,6,5,2.0592,0.8409,0,1,13
82,2,23,14,4,2,7.5859,10.872,1,14,3,2,5,5,6,6,6,4,5,1.1376,0.95072,0,1,1
83,2,25,14,7,1,10.113,0.39388,0,14,3,2,2,5,6,5,5,7,4,3,0.69999,0,1,1
84,2,27,12,8,2,14.073,7.0811,1,12,1,1,1,7,4,5,5,2,6,5.0466,0.41021,0,1,5
85,2,19,14,8,2,8.0771,2.3392,1,14,3,2,5,5,7,4,5,3,5,3.1764,0.67282,0,1,1
86,2,24,14,6,1,11.162,25.154,1,14,5,5,1,3,3,5,3,3,5,2.3052,0.80551,0,0.66667,5
87,1,24,12,2,1,19.654,56.287,1,12,8,8,5,2,5,6,5,6,4,538.73,0,0.5,0.75,5
91,1,20,12,1,2,9.9748,18.661,1,12,2,3,2,5,4,5,6,3,5,1.2156,0.94337,0,1,1
93,2,24,12,7,1,14.593,24.021,1,12,1,2,6,8,7,2,2,2,8,1.1555,0.94908,0,1,1
94,1,42,12,6,1,13.94,22.054,1,12,4,5,3,5,5,7,7,2,8,3.3577,0.64501,0,0.75,1
95,1,39,14,2,1,20.076,19.441,1,14,3,3,5,6,7,5,6,3,5,4.0561,0.54137,0,0.5,1
96,1,22,12,1,2,15.46,5.9446,1,12,2,4,1,2,8,4,7,2,5,3.145,0.67764,0,1,1
98,2,37,12,6,1,16.761,39.532,0,12,3,2,5,6,7,4,5,4,6,4.4504,0.48654,0,1,5
100,1,22,12,1,2,6.3063,2.0726,1,12,1,1,5,5,4,5,9,4,5,1.2715,0.93784,0,1,1
101,2,23,14,2,1,5.8322,0.56141,0,14,1,1,4,5,4,6,6,3,10,1,0.96257,0,1,1
102,1,65,12,7,1,15.568,18.236,1,12,2,2,4,4,5,4,6,6,6,2.0691,0.83951,0,1,1
103,1,32,14,8,2,14.276,5.1908,1,14,2,1,8,7,6,5,10,6,5,4.9574,0.4211,0,1,8
104,2,46,12,8,2,10.406,2.1671,1,12,1,1,5,5,6,3,6,7,6,3.0571,0.69119,0,1,1
105,2,24,14,6,1,18.297,16.868,1,14,3,1,3,5,2,4,9,6,3,3.0885,0.68635,0,1,4
106,2,22,14,1,2,11.453,5.0145,1,14,2,2,6,7,4,4,6,6,2,3.2475,0.66188,0,1,1
108,2,23,12,4,2,13.093,6.0597,1,12,2,3,6,7,5,5,5,5,5,3.485,0.62565,0,1,1
110,1,57,12,6,1,15.052,14.15,1,12,2,2,7,7,4,6,9,4,3,4.7228,0.45064,0,0.75,6
111,2,24,12,8,2,9.7729,12.169,1,12,3,3,4,6,3,3,8,6,8,2.6421,0.75495,0,0.5,1
112,2,24,14,2,1,12.074,4.5717,1,14,1,2,2,4,5,7,2,4,8,1.1053,0.95363,0,1,15
113,2,26,12,7,1,16.523,12.216,1,12,1,1,4,5,3,4,3,6,7,3.2198,0.66614,0,1,5
114,1,33,14,1,2,15.485,14.228,1,14,5,2,6,6,5,6,6,6,4,2.1472,0.7087,0,0.85714,5
115,1,21,12,8,2,8.2425,4.7596,1,12,2,1,3,6,7,5,8,6,5,3.1485,0.6771,0,1,1
116,1,21,12,8,2,10.015,17.75,1,12,3,2,6,5,7,5,8,3,3,2.3847,0.79376,0,1,1
117,2,20,14,7,1,13.378,17.334,1,14,1,1,3,4,5,7,5,6,6,2.0355,0.84422,0,1,1
118,2,21,12,7,1,19.542,9.7192,1,12,5,5,5,5,5,6,4,5,4,3.0471,0.69273,0,1,1
119,1,37,12,7,1,9.2904,7.5759,1,12,3,3,1,2,4,3,9,5,5,3.2067,0.66815,0,1,1
120,1,26,14,8,2,16.277,5.0163,1,14,1,2,8,9,3,6,9,7,5,4.0106,0.5479,0,1,5
121,2,30,12,6,1,18.233,37.627,1,12,1,2,2,7,3,4,9,7,5,2.6019,0.76107,0,1,1
122,2,22,14,6,1,5.7001,0.25521,1,14,3,1,1,1,4,3,3,2,6,1,0.80125,0,1,1
123,1,19,12,7,1,18.065,60.5,1,12,1,1,1,6,3,4,7,6,4,2.164,0.82602,0.125,1,1
124,2,45,12,4,2,12.89,6.8242,1,12,3,2,7,6,7,4,6,6,6,2.0272,0.73076,0,1,1
126,1,25,14,7,1,9.799,1.6084,1,14,3,3,3,4,4,4,8,4,6,2.0028,0.84876,0,1,1
127,2,25,12,8,2,16.468,12.238,0,12,2,1,6,7,7,2,4,2,4,4.4557,0.48583,0,1,9
128,2,25,14,2,1,5.6894,0.17414,0,14,5,6,4,5,6,2,6,4,8,1,0.96257,0,1,9
129,2,23,12,1,2,85.52,110.56,0,12,1,1,2,6,6,9,6,7,5,7,0.22064,0,0,5
130,2,26,12,8,2,13.116,18.019,0,12,3,2,5,5,4,6,6,4,4,2.1613,0.82641,0,1,1
131,2,20,14,4,2,14.001,19.742,1,14,6,4,5,4,6,4,8,8,6,2.6626,0.75183,0,1,1
132,2,20,12,4,2,11.651,13.23,1,12,5,2,5,6,4,3,7,5,4,8.4376,0.13371,0,1,1
133,1,40,14,8,2,27.895,0.13071,1,14,3,3,4,6,6,4,6,6,6,2,0.84915,0,1,5
134,2,21,12,8,2,15.445,7.0271,1,12,2,2,6,8,4,3,6,5,5,4.6864,0.45533,0,0.75,1
135,1,21,14,7,1,12.025,5.3395,1,14,1,1,1,5,2,4,10,5,5,3.1054,0.68373,0,1,1
136,2,21,12,6,1,16.644,19.888,1,12,5,1,4,6,2,6,5,5,3,3.1158,0.68214,0,1,1
137,1,21,12,8,2,16.453,6.3441,1,12,2,1,6,6,4,6,8,4,4,4.077,0.53839,0,1,1
138,2,42,14,8,2,12.572,27.48,1,14,1,1,6,4,3,2,5,4,3,2.634,0.75619,0,1,1
139,2,21,14,2,1,17.609,10.366,1,14,6,4,5,3,3,6,3,5,6,4.4573,0.48562,0,1,10
140,2,24,12,7,1,17.615,29.546,1,12,2,6,5,6,7,5,6,6,6,4.4505,0.48653,0,0.5,10
141,1,37,14,4,2,17.39,12.421,1,14,3,2,7,7,3,4,5,4,5,9.3143,0.097167,0,1,1
142,2,30,12,8,2,8.8893,2.8286,1,12,4,4,8,8,4,4,5,7,4,2.5117,0.77474,0,1,9
143,2,19,12,2,1,10.112,7.633,1,12,7,6,4,5,6,5,4,3,7,2.0412,0.84341,0,1,1
144,1,25,14,6,1,9.5033,0.24351,1,14,2,4,1,4,6,3,4,6,4,3,0.69999,0,1,1
145,2,21,12,1,2,15.674,7.6356,1,12,1,1,5,3,4,6,7,6,3,4.2446,0.51477,0,1,1
146,1,21,14,8,2,13.696,25.328,1,14,4,1,3,5,6,6,5,6,5,4.8597,0.43324,0,1,1
147,2,18,12,4,2,9.2276,13.4,1,12,4,1,3,2,4,6,7,4,3,2.1882,0.82254,0,0.875,5
148,2,25,14,6,1,6.4238,3.4478,1,14,2,7,4,5,7,4,4,7,3,1.03,0.90522,0,1,2
151,2,19,14,7,1,10.307,14.047,1,14,5,7,2,3,5,4,6,6,4,2.8896,0.71701,0,1,1
152,2,19,12,7,1,13.709,5.4418,1,12,1,1,1,6,6,8,7,7,3,3.2241,0.66548,0,1,1
153,2,27,12,8,2,10.409,7.4524,1,12,3,2,5,4,5,5,8,2,6,3.3199,0.6508,0,0.875,1
154,1,33,14,5,2,6.6287,4.3004,1,14,3,5,5,4,3,3,9,6,2,1.3737,0.92717,0,1,8
155,2,28,12,8,2,12.012,4.2103,1,12,1,1,6,6,6,6,9,3,3,3.1583,0.67559,0,1,2
156,2,19,12,6,1,6.0836,2.8493,1,12,5,1,4,4,5,6,9,5,5,1.0471,0.95868,0,1,1
157,1,20,14,6,1,7.0303,4.1512,1,14,3,1,5,6,8,6,4,3,4,1.7719,0.87973,0,1,0
158,1,36,14,6,1,8.2572,3.3701,1,14,6,5,5,4,5,4,7,4,4,3.6509,0.60069,0,1,1
159,2,29,12,8,2,7.7507,1.1953,1,12,7,1,8,6,2,5,8,5,4,3.0501,0.69227,0,1,1
160,2,19,12,7,1,16.494,20.059,1,12,5,5,7,5,5,7,7,7,6,3.7479,0.58625,0,1,4
161,1,41,14,7,1,14.508,20.61,1,14,1,1,1,5,6,5,8,5,5,2.359,0.79757,0,1,1
162,2,23,12,1,2,11.281,4.2823,1,12,6,1,5,7,5,6,5,5,5,3.2518,0.66123,0,1,0
163,2,46,12,1,2,12.939,12.608,1,12,4,1,3,7,4,6,5,5,6,3.9537,0.5561,0,1,0
164,1,27,14,8,2,16.294,18.064,1,14,3,1,7,4,3,5,9,2,4,45.368,1.2213e-08,0,1,1
165,1,28,12,8,2,10.449,4.9343,1,12,4,3,5,5,9,7,5,4,7,3.1182,0.68177,0,1,1
166,2,19,14,1,2,9.8209,12.786,1,14,3,5,2,4,4,6,6,5,5,3.1021,0.68425,0,0.83333,1
167,1,20,12,3,1,14.009,10.161,1,12,5,4,6,6,5,9,7,5,4,43.494,2.9337e-08,0,1,5
168,1,34,14,7,1,29.825,12.771,1,14,4,1,5,8,8,6,5,2,5,5.6715,0.33951,0,0.5,8
169,2,22,14,6,1,8.5502,2.4381,1,14,6,5,1,2,6,8,5,6,9,2.1591,0.82673,0,1,0
172,1,66,12,7,1,6.4155,7.8704,1,12,5,3,5,7,5,6,9,6,5,1.1927,0.94558,0,1,1
174,2,25,12,8,2,7.2844,2.9195,1,12,3,1,7,7,5,4,6,4,6,2.6261,0.7574,0,1,1
175,1,26,14,2,1,15.542,5.7139,1,14,4,3,5,6,7,6,9,6,6,2.5441,0.76983,0,1,1
176,1,26,12,8,2,10.858,14.355,1,12,5,3,6,5,5,5,4,4,2,1.4211,0.922,0,1,1
177,2,27,14,2,1,7.7605,6.9871,1,14,8,8,4,3,7,4,5,6,7,1.0892,0.95506,0,1,1
178,1,25,12,7,1,13.561,5.0692,1,12,4,2,5,7,9,6,8,4,6,2.0123,0.84744,0,1,1
179,2,24,14,7,1,11.027,9.0741,1,14,2,1,3,7,2,2,9,4,3,3.3638,0.64408,0,0.75,14
181,1,22,14,1,2,6.4672,2.2732,1,14,3,1,2,6,8,4,4,7,6,2.1576,0.82694,0,1,6
182,2,27,12,1,2,9.9834,1.9174,1,12,7,1,6,8,8,4,2,10,3,3.0033,0.69948,0,1,1
183,2,23,14,3,1,12.894,10.875,1,14,2,1,1,2,3,6,7,6,4,3.2361,0.66364,0,1,1
184,2,21,12,6,1,7.4127,6.851,0,12,8,2,8,1,4,4,6,6,5,2.0753,0.83863,0,1,1
185,2,23,12,2,1,16.028,9.4651,1,12,2,3,2,5,7,6,3,2,5,3.6476,0.60118,0,1,5
186,2,21,14,3,1,6.3966,1.407,1,14,3,2,1,1,5,8,5,6,5,1.0009,0.96249,0,1,1
187,1,23,14,4,2,13.453,7.9064,1,14,2,1,4,6,4,7,6,7,6,2.0323,0.84465,0,1,5
188,1,41,14,8,2,8.6935,11.502,1,14,5,1,7,7,6,5,7,7,5,1.1144,0.77361,0,1,13
189,2,34,12,2,1,12.459,4.9924,1,12,6,6,7,5,4,5,5,4,4,3.3196,0.65084,0,1,5
190,1,30,14,7,1,12.832,9.3432,1,14,3,3,5,4,4,5,5,3,5,2.2882,0.808,0,1,9
191,1,24,12,7,1,11.503,22.151,1,12,2,1,3,5,6,6,9,3,5,1.4927,0.91391,0,1,9
192,2,33,12,6,1,6.6224,2.5265,1,12,8,2,4,7,5,4,6,2,7,2.1957,0.82145,0,1,1
193,2,46,14,8,2,15.751,20.929,0,14,1,1,5,6,5,4,6,5,5,5.1256,0.40075,0,1,1
194,1,41,12,4,2,14.35,13.028,1,12,2,2,6,6,4,5,7,3,4,3.3827,0.6412,0,0.66667,1
195,1,29,14,1,2,8.8789,6.4048,1,14,6,1,7,7,4,6,6,6,6,2.5296,0.77204,0,1,1
196,2,21,12,5,2,12.494,3.1728,1,12,4,1,6,5,5,6,6,4,4,3.1274,0.68035,0,1,9
197,2,21,14,6,1,18.24,4.7017,1,14,3,2,2,5,3,4,6,3,3,3.1515,0.67665,0,1,9
199,1,34,12,7,1,10.628,5.478,1,12,2,3,1,5,9,3,4,7,8,2.1645,0.82595,0,1,4
200,2,38,12,2,1,5.0482,0.36079,0,12,5,3,3,7,10,8,5,4,6,1,0.96257,0,1,1
201,1,27,14,6,1,9.7948,5.3156,1,14,3,2,3,5,4,4,7,3,4,3.2496,0.66156,0,1,6
202,1,73,14,2,1,5.5523,155.17,1,14,7,4,4,3,6,8,8,6,6,1.2993,0.935,0.38462,1,6
203,1,22,12,5,2,7.4278,1.317,1,12,4,2,7,9,2,5,6,8,5,2.0049,0.84846,0,1,5
204,1,23,12,6,1,6.8391,1.8163,1,12,2,3,1,5,6,5,7,3,7,2.0168,0.84682,0,1,5
205,2,21,14,2,1,4.0527,1.3741,1,14,5,5,3,6,7,5,5,6,6,0.00017958,1,0.066667,1,5
206,1,64,14,1,2,13.734,7.0969,1,14,3,2,4,7,7,5,7,5,6,3.6178,0.60564,0,1,1
207,2,18,12,3,1,4.9306,7.2533,0,12,4,3,4,5,3,7,3,6,5,0.080046,0.99412,0.17647,1,1
208,1,23,14,7,1,8.4519,7.9126,1,14,2,3,5,7,7,5,5,5,6,2.4681,0.7813,0,1,1
209,1,28,14,5,2,7.4225,4.8019,1,14,4,2,7,7,2,3,5,5,6,1.015,0.96135,0,1,1
210,1,27,12,7,1,10.092,6.2145,1,12,6,3,6,3,8,4,6,5,4,2.1806,0.82364,0,1,1
211,1,27,12,8,2,9.8401,0.21027,1,12,3,1,5,7,4,6,8,6,5,4,0.54942,0,1,1
212,2,23,14,1,2,18.87,20.238,1,14,2,1,1,5,5,5,8,5,5,3.6962,0.59392,0,1,5
213,1,23,12,4,2,17.425,16.204,0,12,2,1,4,5,3,5,9,6,5,4.0964,0.53562,0,0.85714,5
214,2,24,14,5,2,13.533,11.733,0,14,6,1,1,6,6,6,6,6,3,3.2257,0.66524,0,1,2
215,2,24,12,8,2,7.4405,11.515,1,12,2,1,2,7,6,6,7,6,4,0.42042,0.99475,0.1,1,2
216,2,43,12,7,1,13.352,35.344,0,12,2,1,5,3,5,3,7,6,3,44.567,1.7766e-08,0.25,1,2
217,1,33,14,6,1,15.993,7.3674,1,14,4,7,4,1,3,5,10,5,8,3.6799,0.59636,0,1,1
218,2,21,14,7,1,15.835,12.489,1,14,1,2,4,5,5,6,7,5,3,4.6931,0.45447,0,0.5,15
219,2,28,12,6,1,9.4242,3.5795,1,12,5,1,1,5,4,2,8,3,5,1.0377,0.95947,0,1,12
220,1,26,14,4,2,10.666,7.5451,1,14,3,3,5,6,5,5,4,4,5,2.0606,0.8407,0,1,5
221,1,26,12,8,2,6.4809,10.68,0,12,3,1,3,6,6,5,7,7,3,0.81358,0.97616,0.16667,1,5
222,1,26,14,6,1,5.7389,536.63,1,14,2,3,3,5,7,7,9,5,6,0.22978,0.99876,0.5,0.66667,5
223,2,34,14,6,1,8.9359,0.31617,1,14,6,3,4,6,5,5,9,7,3,3,0.69999,0,1,5
224,1,40,12,2,1,23.4,3.5265,0,12,5,3,5,5,8,2,4,6,6,5,0.41588,0,0.66667,14
225,2,23,14,7,1,9.5224,17.117,1,14,8,6,6,7,6,5,5,6,3,1.4445,0.91938,0,1,1
226,1,24,14,5,2,8.9491,7.7947,1,14,8,7,7,4,5,7,10,4,5,2.3604,0.79735,0,1,1
227,2,24,12,2,1,23.189,10.831,1,12,4,3,7,6,2,5,5,3,3,4.4068,0.49245,0,0.75,1
228,1,45,12,4,2,15.873,18.039,1,12,5,5,5,5,7,4,8,6,4,5.5408,0.35349,0,0.6,1
229,1,26,14,6,1,17.354,47.303,1,14,6,5,5,7,10,4,5,5,2,1.1385,0.95064,0,1,1
230,2,20,12,3,1,9.6032,12.793,1,12,2,4,7,3,6,7,5,6,3,3.3665,0.64368,0,0.8,2
231,2,22,14,4,2,6.3417,4.6351,1,14,7,5,6,4,7,6,4,2,5,1.1359,0.95088,0,1,1
232,1,22,14,3,1,6.831,2.2449,1,14,3,1,5,6,7,6,6,6,7,1.1174,0.95255,0,1,1
233,1,36,14,6,1,5.1775,2.0094,1,14,4,5,6,5,6,6,4,3,5,1.3808,0.9264,0,1,2
234,2,21,14,3,1,11.386,5.0666,1,14,5,2,4,7,5,4,3,7,5,4.046,0.54281,0,1,5
235,1,23,12,5,2,8.8336,2.2008,0,12,4,3,6,2,7,5,7,6,5,2.0019,0.84888,0,1,14
236,2,21,12,4,2,12.748,6.4336,1,12,4,3,3,8,5,6,7,5,9,3.3118,0.65204,0,1,2
237,1,32,12,5,2,8.9547,5.2039,1,12,2,1,8,8,3,5,6,4,6,2.7426,0.73959,0,1,2
238,2,21,14,1,2,19.355,7.6499,1,14,6,6,3,5,6,2,3,4,7,4.197,0.52142,0,0.75,13
239,1,68,14,7,1,6.9917,0.32545,1,14,1,3,5,6,2,4,8,5,5,2,0.84915,0,1,1
242,2,21,12,2,1,10.853,22.312,1,12,4,2,4,3,5,6,4,6,4,2.1764,0.82423,0,1,4
245,2,68,12,6,1,8.7111,2.9953,0,12,7,6,1,5,6,5,5,4,2,2.1515,0.82782,0,1,1
246,1,25,14,8,2,17.348,729.88,1,14,4,6,6,5,4,4,5,6,5,1.8364,0.87129,0.5,0.71429,5
247,2,25,12,4,2,13.752,16.444,1,12,1,1,2,8,9,5,7,4,5,2.625,0.75756,0,1,5
248,2,27,14,6,1,13.445,16.987,1,14,5,6,2,3,6,2,5,3,5,5.1431,0.39867,0,1,1
251,2,40,12,3,1,17.937,18.81,1,12,3,1,5,7,6,2,4,2,6,6.2979,0.27831,0,1,1
252,2,72,12,4,2,13.436,52.65,1,12,2,1,6,6,2,3,9,5,3,4.2218,0.51794,0.16667,0.66667,1
255,2,28,12,2,1,52.386,203.87,1,12,1,1,5,6,2,7,8,7,8,9.9873,0.075596,0,0,1
256,1,30,14,5,2,19.317,23.951,1,14,4,1,6,6,6,3,6,4,4,2.0144,0.56942,0,0.88889,1
257,1,18,14,1,2,17.832,4.6502,1,14,3,2,6,7,3,7,10,3,6,4.0249,0.54584,0,1,1
258,2,17,12,6,1,5.5991,9.2155,1,12,3,3,1,5,5,5,4,7,7,1.5571,0.90638,0,1,1
260,2,26,12,6,1,10.748,3.8775,1,12,5,7,2,3,4,8,2,6,6,2.0522,0.84187,0,1,4
261,1,56,12,3,1,11.248,3.5344,1,12,7,1,5,5,6,4,7,7,5,3.6885,0.59507,0,1,2
262,1,26,14,7,1,16.005,9.0345,1,14,3,4,3,7,2,7,7,4,5,3.0711,0.68903,0,1,2
263,1,25,12,5,2,4.9612,0.1892,1,12,4,1,2,8,5,5,4,3,3,1,0.96257,0,1,2
264,2,66,14,2,1,15.445,17.558,0,14,3,3,1,2,8,3,6,8,4,3.3307,0.64915,0,1,1
265,1,68,12,8,2,12.346,0.26276,1,12,1,2,5,6,5,4,8,8,5,3,0.69999,0,1,1
266,1,68,14,5,2,14.244,59.596,1,14,2,1,7,7,4,5,7,5,7,3.289,0.65553,0,0.8,9
267,1,22,14,4,2,10.064,8.6003,1,14,7,2,8,5,3,6,8,4,5,2.0893,0.83666,0,1,12
268,2,21,14,4,2,18.76,15.9,1,14,6,3,6,8,9,6,8,4,5,4.3294,0.50303,0,0.75,12
269,1,19,12,7,1,11.001,8.6174,1,12,4,2,4,2,3,7,6,6,4,49.547,1.7154e-09,0,1,11
270,2,41,12,2,1,16.04,0.19437,1,12,7,1,6,7,6,4,4,6,6,4,0.54942,0,1,2
272,1,37,12,7,1,14.344,6.1085,1,12,4,6,2,3,6,5,5,6,7,3.0898,0.68614,0,1,2
273,2,20,12,5,2,16.152,10.366,1,12,5,3,6,6,3,4,8,4,3,4.8419,0.43548,0,1,1
274,1,48,14,6,1,13.808,75.775,1,14,8,2,6,3,2,5,8,5,7,5.7701,0.32924,0.14286,0.5,1
275,1,25,14,3,1,9.0249,2.5913,1,14,7,6,5,5,3,5,8,2,4,2.4595,0.78259,0,1,11
276,1,29,14,1,2,15.312,16.555,1,14,4,1,1,6,5,5,10,5,5,3.2811,0.65673,0,1,1
278,2,26,12,2,1,6.3686,5.4578,1,12,4,3,4,5,4,6,6,2,4,1.1664,0.8836,0,1,2
279,1,24,14,5,2,7.7596,10.729,1,14,5,2,7,7,3,3,7,2,6,1.1203,0.95229,0,1,6
280,2,31,14,2,1,11.074,12.774,1,14,3,2,6,7,3,4,7,7,4,8.6352,0.12453,0,1,1
281,1,22,12,1,2,10.515,37.62,1,12,5,2,5,7,6,5,5,4,5,1.242,0.94079,0.11111,1,9
282,2,22,12,5,2,8.3456,20.607,1,12,3,1,7,7,3,4,9,3,4,1.8796,0.86555,0,1,1
283,2,25,14,7,1,14.734,3.4729,0,14,2,1,4,7,5,5,9,2,6,2.2833,0.80872,0,1,1
284,1,24,12,6,1,14.983,4.9496,1,12,4,5,3,3,6,6,7,4,9,3.0797,0.6877,0,1,1
286,2,18,14,8,2,11.659,15.164,1,14,6,2,2,3,6,5,5,5,6,2.7601,0.59874,0,1,1
287,2,18,12,1,2,11.015,8.7236,1,12,2,2,2,2,4,4,7,6,5,2.1836,0.8232,0,1,1
288,1,54,12,7,1,7.6261,6.2735,1,12,7,4,4,3,4,4,6,5,5,2.2985,0.80648,0,1,12
289,2,69,14,6,1,6.3009,43.732,1,14,5,2,6,5,6,4,7,6,4,0.55939,0.98979,0.2,1,6
290,1,29,12,3,1,12.196,9.5559,1,12,3,2,4,7,4,4,8,6,5,3.3264,0.6498,0,1,1
291,2,23,14,8,2,13.859,16.027,1,14,5,5,5,6,7,6,4,5,6,3.8243,0.57499,0,1,12
292,1,26,14,6,1,8.3479,2.5444,1,14,6,4,3,2,7,4,3,7,3,2.0126,0.8474,0,1,3
293,2,23,12,6,1,6.6333,4.2882,1,12,3,2,4,6,4,4,7,4,5,1.0358,0.95963,0,1,1
294,1,20,14,4,2,18.468,18.762,1,14,9,2,7,6,5,7,4,5,6,5.5933,0.34783,0,0.69231,1
295,2,26,12,2,1,8.5248,5.552,1,12,4,5,2,4,4,4,8,4,8,1.1049,0.95367,0,1,1
296,1,25,14,5,2,11.7,9.1963,1,14,8,2,7,6,4,7,7,6,5,4.5515,0.47302,0,1,9
297,2,22,12,3,1,10.077,4.2478,1,12,5,1,6,7,2,4,6,5,2,2.2008,0.82072,0,1,1
298,2,28,12,1,2,12.333,12.774,1,12,2,1,3,5,5,2,7,4,5,2.0761,0.83852,0,1,1
299,2,26,12,4,2,9.5261,6.574,1,12,1,1,5,4,3,5,4,4,6,2.0991,0.83526,0,1,2
300,1,25,14,2,1,5.3731,2.5872,1,14,4,3,7,7,6,6,9,5,4,1.1395,0.95055,0,1,2
301,1,51,14,8,2,16.397,14.374,1,14,5,3,7,8,8,9,7,6,6,4.9983,0.41609,0,1,4
302,2,38,12,3,1,11.552,6.6279,1,12,8,2,5,5,4,7,7,6,6,2.0193,0.84647,0,1,4
303,2,22,14,4,2,8.5793,2.0008,1,14,4,3,6,7,5,4,6,7,6,2.016,0.84692,0,1,1
304,2,18,12,8,2,12.534,7.2263,1,12,4,2,7,8,2,7,7,5,6,3.2184,0.66635,0,1,6
305,2,31,12,1,2,17.829,23.94,0,12,1,1,5,5,2,2,7,2,5,4.2115,0.51938,0,0.85714,1
306,2,23,14,6,1,16.531,2.2769,1,14,5,5,2,4,5,4,8,5,3,4.0003,0.54937,0,1,1
307,1,24,12,3,1,11.503,11.894,1,12,5,3,2,6,3,5,7,5,4,2.3859,0.79357,0,1,1
309,2,59,12,7,1,6.7788,4.5396,1,12,2,1,2,2,6,5,6,6,5,1.7407,0.88374,0,1,1
310,2,28,14,8,2,6.262,21.001,1,14,4,3,7,7,5,5,5,5,5,0.63604,0.98629,0.076923,1,1
311,2,23,12,7,1,21.486,900.68,1,12,5,4,4,4,6,6,6,3,5,1.7483,0.1861,0.25,0.5,12
312,2,24,14,7,1,10.823,7.7848,1,14,4,2,2,5,2,8,10,3,6,2.0532,0.84173,0,1,12
313,1,25,12,2,1,15.893,7.6011,1,12,4,1,6,7,7,3,6,5,5,3.0492,0.54963,0,1,6
314,2,22,14,7,1,10.574,29.434,1,14,4,2,3,5,6,5,8,5,4,10.652,0.058732,0,0.83333,4
315,1,25,12,7,1,15.571,24.786,1,12,3,7,1,5,5,8,7,5,7,4.3678,0.49776,0,0.66667,4
316,2,54,12,6,1,6.628,0.27777,1,12,4,5,5,5,4,2,5,3,5,2,0.84915,0,1,1
317,1,17,14,3,1,10.551,6.4644,1,14,4,3,4,5,4,4,4,4,6,3.2833,0.65639,0,1,1
318,2,23,12,8,2,18.601,26.992,1,12,2,2,4,3,3,3,5,7,5,3.2228,0.66568,0,0.8,1
319,1,47,14,1,2,6.8524,3.4639,1,14,3,1,5,6,7,4,5,5,6,19.963,0.0012701,0,1,1
320,2,25,14,6,1,14.06,7.7681,1,14,2,1,3,7,3,2,6,2,6,3.124,0.68088,0,1,1
321,1,24,12,7,1,11.049,19.353,1,12,3,1,6,7,4,3,7,2,5,3.5129,0.62144,0,0.6,1
322,2,47,12,4,2,9.2367,1.8515,1,12,3,1,3,6,8,3,9,5,9,2.0003,0.8491,0,1,1
323,1,20,14,6,1,9.2463,0.14144,1,14,3,2,2,7,5,4,5,4,6,3,0.69999,0,1,6
324,2,19,14,2,1,85.856,110.76,1,14,3,1,5,3,5,3,6,4,5,7,0.22064,0,0,12
325,2,18,12,7,1,12.229,13.739,1,12,3,2,2,7,3,6,8,6,6,1.0283,0.96025,0,1,10
326,2,18,14,7,1,29.668,0.35769,1,14,4,1,1,5,6,5,7,6,5,4,0.54942,0,0.75,12
327,1,39,12,8,2,76.022,85.725,1,12,1,1,6,1,4,3,4,7,6,7,0.22064,0,0,5
330,2,27,14,7,1,12.308,4.9739,1,14,4,4,6,8,6,5,8,6,3,2.0686,0.83958,0,1,2
331,1,43,14,8,2,13.967,0.29584,1,14,2,2,7,5,5,4,7,5,6,3,0.39163,0,1,2
332,1,30,12,3,1,17.802,21.881,1,12,4,2,7,7,7,4,8,4,6,3.1691,0.67393,0,0.66667,2
333,2,29,12,1,2,10.175,3.0368,1,12,5,3,7,8,3,6,4,4,5,3.0433,0.69331,0,1,6
334,1,33,14,6,1,12.131,8.9314,1,14,5,5,1,2,9,4,4,3,3,1.3299,0.85629,0,1,1
335,2,31,14,8,2,403.2,1.1356e+05,1,14,5,5,9,7,4,5,2,6,5,9.0763,0.10606,0.25,0,4
336,2,64,12,3,1,12.108,13.279,1,12,7,5,5,6,7,2,4,7,5,3.4321,0.63369,0,1,1
337,2,72,12,7,1,10.94,9.2425,0,12,2,1,5,3,3,4,7,4,4,2.3684,0.79617,0,1,3
338,2,19,12,1,2,7.2387,137.61,1,12,4,4,4,1,4,6,5,5,3,2.1415,0.82924,0.26667,1,1
339,2,23,12,8,2,9.4731,2.1711,1,12,5,5,5,2,8,7,5,5,6,2.0484,0.84241,0,1,1
341,2,39,14,8,2,8.6727,18.809,1,14,6,5,6,4,3,3,6,3,5,22.178,0.00048424,0.33333,1,9
342,1,68,12,2,1,4.2677,0.58319,1,12,4,3,3,5,5,5,7,5,6,2.2523e-14,1,0.2,1,1
343,2,24,14,7,1,11.193,0.29517,1,14,2,1,4,3,3,6,8,6,3,3,0.69999,0,1,1
344,2,25,14,2,1,6.4679,0.12081,1,14,4,5,4,1,4,5,6,5,5,2,0.84915,0,1,1
345,1,26,12,2,1,11.739,2.8562,1,12,3,2,2,8,3,4,4,5,6,4.0578,0.54112,0,1,1
346,1,25,14,1,2,12.511,3.2969,1,14,5,1,1,1,6,4,4,5,7,6.8232,0.23412,0,1,1
347,2,24,12,8,2,8.6873,44.6,1,12,3,3,4,5,4,6,5,6,5,3.1056,0.68371,0.4,1,4
349,1,20,14,6,1,18.852,18.411,1,14,5,7,3,4,9,5,6,2,5,4.8709,0.43184,0,0.9,1
351,1,18,14,1,2,14.803,7.7715,1,14,7,4,1,5,5,6,8,4,5,3.4947,0.6242,0,1,1
352,2,44,14,1,2,7.9684,6.0865,1,14,3,2,4,5,7,2,8,8,4,2.1194,0.83239,0,1,1
353,2,18,12,2,1,7.1152,76.978,1,12,1,4,1,2,5,8,5,4,6,1.206,0.9443,0.25,1,1
354,1,29,14,4,2,15.322,8.5854,1,14,1,1,2,4,9,7,5,5,6,3.0681,0.68949,0,1,1
355,2,29,12,2,1,6.9284,17.15,1,12,6,6,9,9,6,6,5,4,5,0.91263,0.9693,0.055556,1,8
356,2,23,12,1,2,85.52,110.56,1,12,1,1,1,1,2,3,7,3,5,7,0.22064,0,0,5
357,2,23,14,8,2,13.525,0.16476,1,14,7,3,4,5,4,5,4,4,6,3,0.69999,0,1,8
358,1,28,12,7,1,18.906,24.425,1,12,4,1,4,4,5,5,4,6,4,3.5148,0.62114,0,0.5,8
359,1,50,14,6,1,8.0721,1.8516,1,14,2,1,5,7,7,4,5,3,6,2.0073,0.84814,0,1,1
360,1,28,12,2,1,10.751,0.17218,1,12,7,5,4,7,5,4,8,7,3,3,0.69999,0,1,6
361,2,21,14,2,1,11.115,35.998,1,14,5,1,1,4,5,2,2,6,6,4.1323,0.53053,0.2,1,5
362,1,31,14,7,1,12.088,4.8123,1,14,2,1,3,6,5,3,8,2,3,4.1406,0.52936,0,1,5
364,2,19,12,8,2,11.965,11.626,1,12,1,1,1,3,2,7,8,6,5,2.0409,0.84346,0,1,1
365,1,21,14,4,2,16.452,58.357,1,14,4,2,5,7,3,7,5,4,7,5.558,0.35162,0.1,0.75,1
366,1,26,12,6,1,11.233,8.3186,1,12,3,6,4,5,5,6,7,6,6,2.5366,0.77097,0,1,5
367,2,25,12,2,1,12.62,30.672,1,12,7,6,7,6,5,4,6,6,5,2.9838,0.70248,0,0.33333,5
368,2,26,14,4,2,7.4246,16.82,1,14,5,1,5,6,5,7,5,5,8,2.8712,0.71984,0,1,1
369,1,33,14,5,2,14.651,29.301,1,14,4,1,6,7,6,6,6,5,5,2.3179,0.80364,0,0.66667,1
370,1,20,12,8,2,10.839,11.79,1,12,4,3,6,5,4,4,6,7,6,2.4095,0.79006,0,0.5,1
371,1,25,12,6,1,12.964,4.17,1,12,7,4,1,5,6,6,8,7,6,3.1955,0.66988,0,1,2
374,2,22,12,4,2,5.0714,0.20241,1,12,2,3,5,4,5,3,6,2,5,1,0.96257,0,1,1
375,2,43,12,2,1,-8953.2,4.8788e+09,1,12,5,5,7,7,7,4,6,7,6,2.959,0.22775,1,0.090909,1
377,1,26,12,4,2,14.65,13.289,1,12,4,2,7,7,4,5,5,5,5,14.439,0.013047,0,1,2
378,1,22,12,2,1,17.251,8.3318,1,12,4,2,5,7,5,3,7,5,4,4.0951,0.53581,0,0.83333,2
382,1,51,14,3,1,7.8106,5.3138,1,14,5,5,5,5,9,3,8,5,5,11.783,0.037879,0,1,5
383,2,50,14,1,2,15.774,4.6401,0,14,5,5,6,6,4,5,5,5,3,3.0171,0.69735,0,1,5
385,1,22,14,2,1,10.82,4.8274,1,14,2,3,4,7,4,7,4,3,5,3.0618,0.69046,0,1,4
386,1,22,12,5,2,13.504,24.325,0,12,2,1,5,4,4,6,7,5,3,2.2479,0.81389,0,1,4
387,2,27,12,6,1,12.333,3.0009,1,12,8,7,4,4,4,6,9,4,6,3.0022,0.69964,0,1,1
388,1,21,14,7,1,14.215,3.2747,1,14,4,1,6,6,7,4,9,3,5,3.0264,0.69591,0,1,1
389,2,22,14,8,2,11.228,13.142,1,14,3,1,6,6,5,3,9,5,4,2.3387,0.80057,0,1,1
391,2,28,14,1,2,16.708,53.711,0,14,1,1,4,9,2,4,6,4,6,1.1231,0.95203,0,1,1
392,2,23,12,4,2,28.171,33.788,1,12,2,1,4,3,3,5,7,6,5,5.2338,0.38801,0,0,4
393,1,26,14,7,1,13.1,0.40272,1,14,5,1,5,5,5,5,8,8,8,4,0.54942,0,1,1
394,1,19,12,7,1,11.369,14.402,1,12,5,4,5,4,7,5,5,3,6,3.5478,0.61616,0,1,1
395,2,32,14,8,2,6.9652,3.4981,1,14,7,1,5,3,8,6,3,6,6,2.7842,0.73321,0,1,5
396,2,21,12,7,1,14.706,19.358,1,12,5,1,3,6,6,5,7,5,5,1.2535,0.93964,0,1,5
397,1,26,14,2,1,23.854,16.066,1,14,1,1,4,6,6,5,7,4,3,4.7885,0.44223,0,1,1
398,2,23,12,5,2,19.244,22.513,1,12,6,2,7,9,7,5,3,5,7,3.1961,0.66978,0,1,1
399,1,19,12,8,2,8.9551,3.1689,1,12,2,1,7,8,6,7,7,2,8,3.0731,0.68871,0,1,1
400,1,30,14,8,2,75.118,69.223,1,14,8,7,7,6,6,6,4,5,4,7,0.22064,0,0,9
401,2,24,12,3,1,13.284,8.9097,1,12,6,2,4,4,4,5,8,6,6,3.9893,0.55096,0,0.85714,1
403,2,18,12,8,2,8.8354,18.417,1,12,1,1,5,6,5,7,8,5,5,2.2748,0.80995,0,1,4
407,2,18,14,5,2,13.577,12.219,1,14,3,1,8,7,10,6,5,8,6,3.9113,0.56226,0,0.85714,4
410,2,18,14,4,2,9.8704,10.748,1,14,3,1,5,7,6,8,8,8,2,2.2311,0.81633,0,1,4
412,1,33,12,6,1,10.917,15.956,1,12,2,2,3,3,8,7,6,2,6,3.6847,0.59564,0,0.33333,1
413,2,38,14,7,1,11.623,19.853,1,14,4,2,4,4,6,6,4,7,5,2.17,0.82515,0,1,1
415,1,29,14,8,2,10.758,3.5313,1,14,3,1,3,6,5,6,5,5,6,3.0613,0.69054,0,1,1
417,1,21,12,2,1,28.239,55.996,1,12,5,2,1,2,6,9,8,6,7,15.067,0.010081,0,1,13
418,2,20,14,6,1,11.672,25.383,0,14,5,3,1,4,6,4,7,3,6,2.6012,0.76119,0,1,9
419,2,19,14,3,1,25.529,135.92,1,14,2,1,7,7,2,4,5,2,3,10.827,0.054923,0,0.66667,9
420,2,22,12,3,1,6.2029,2.2363,1,12,5,5,6,6,5,6,3,5,7,1.0129,0.96152,0,1,2
421,1,21,14,6,1,9.9153,0.11573,1,14,5,5,2,7,3,7,8,7,5,3,0.69999,0,1,2
422,2,30,12,4,2,6.7351,1.9897,1,12,3,3,5,5,4,3,6,6,5,2.0934,0.83608,0,1,3
423,1,32,14,1,2,15.814,2.3713,1,14,5,1,5,7,4,4,8,2,2,4.0003,0.54937,0,1,3
424,1,38,14,8,2,18.25,20.813,1,14,6,2,4,7,5,5,8,4,6,4.1826,0.52344,0,0.75,7
425,2,36,12,8,2,4.9688,1.0571,1,12,1,3,3,4,5,5,6,10,3,1.0222,0.96075,0,1,4
426,2,32,14,4,2,9.4756,4.0118,1,14,1,1,1,4,6,8,5,8,8,3.0696,0.68925,0,1,1
427,2,48,14,5,2,11.151,14.278,1,14,7,1,9,8,4,4,9,5,5,2.4241,0.78788,0,1,1
428,1,33,14,6,1,5.2436,6.8908,1,14,1,3,1,3,8,6,7,6,8,0.052879,0.99997,0.090909,1,12
429,1,47,12,6,1,9.2355,8.65,1,12,3,2,5,6,5,4,8,6,4,3.4939,0.6243,0,1,1
430,1,30,12,5,2,8.355,6.0275,1,12,4,3,6,6,6,6,8,4,5,2.1812,0.82354,0,1,1
431,2,61,14,3,1,8.9289,30.788,1,14,2,1,8,7,3,6,4,8,5,0.53582,0.99075,0.1,1,11
432,1,45,12,6,1,5.2104,3.5315,1,12,5,5,5,5,6,5,6,6,8,5.5804,0.34922,0.2,1,1
433,1,23,12,7,1,9.9261,3.6037,1,12,3,2,5,6,5,6,4,4,8,13.956,0.015892,0,1,1
434,2,23,14,6,1,24.811,349.25,1,14,4,4,5,6,2,5,5,6,3,1.406,0.92366,0.125,0.66667,1
435,2,28,12,5,2,10.697,13.224,1,12,4,3,5,5,6,3,7,5,5,2.4311,0.78684,0,1,1
436,1,25,14,4,2,15.008,99.081,1,14,4,3,7,3,3,4,6,2,6,2.5527,0.76855,0,0.75,1
437,2,36,14,4,2,7.0844,7.4297,1,14,3,5,7,6,4,2,8,2,5,23.816,0.0002355,0.2,1,2
438,1,31,12,4,2,11.955,2.8665,1,12,1,2,3,3,2,5,8,5,6,3.0812,0.68746,0,1,5
440,2,28,12,4,2,10.444,20.579,1,12,1,1,1,1,9,8,6,7,6,2.2279,0.8168,0,1,5
441,2,25,14,5,2,81.801,103.73,1,14,1,1,8,7,5,4,8,2,3,7,0.22064,0,0,2
442,2,42,14,1,2,4.6268,0.14884,0,14,2,1,9,9,3,2,6,3,3,1,0.9098,0,1,2
443,1,22,12,6,1,9.3668,20.913,1,12,3,5,2,5,5,5,4,6,8,2.8356,0.72531,0,0.75,5
444,2,28,12,4,2,35.314,135.82,1,12,1,1,7,9,2,6,7,6,2,26.72,6.4668e-05,0,0.5,10
445,1,16,14,7,1,13.986,4.8804,1,14,7,2,6,8,8,8,3,6,5,3.0101,0.69842,0,1,8
446,1,44,12,5,2,12.904,7.2104,1,12,1,1,5,9,5,4,5,4,3,3.9396,0.55814,0,1,5
447,2,43,12,3,1,19.906,13.824,1,12,5,1,4,3,7,3,6,6,4,5.584,0.34883,0,1,5
448,2,24,14,7,1,9.5877,5.1842,1,14,3,5,4,8,4,5,8,6,3,2.2195,0.81801,0,1,2
449,2,32,12,4,2,17.692,10.853,1,12,1,5,2,4,4,4,4,5,8,4.1959,0.52158,0,0.6,1
450,1,53,14,8,2,9.7675,19.839,1,14,5,1,7,7,2,4,10,6,2,12.097,0.033486,0.2,1,1
451,2,19,12,4,2,7.3905,12.989,1,12,6,2,5,6,8,5,7,3,5,0.92814,0.96815,0.14286,1,9
452,1,33,14,8,2,14.156,9.7155,1,14,2,3,5,6,6,4,7,5,5,3.8057,0.57772,0,0.9,2
453,2,29,12,8,2,14.132,18.187,1,12,5,5,4,5,6,5,7,6,5,3.4434,0.63197,0,1,2
456,2,26,12,7,1,10.953,0.31381,1,12,5,3,1,1,7,5,6,7,7,3,0.69999,0,1,1
457,1,30,14,7,1,19.51,24.779,1,14,1,1,3,4,5,3,9,3,4,2.5396,0.77052,0,1,1
458,2,16,12,8,2,8.2715,2.2568,1,12,4,3,4,5,8,6,4,5,5,2.6059,0.76046,0,1,4
459,2,18,14,8,2,13.241,4.7382,1,14,7,7,5,5,7,3,7,6,5,4.0528,0.54184,0,1,14
460,1,50,12,3,1,19.075,74.484,1,12,1,1,5,6,2,6,9,5,5,3.8077,0.57742,0,0.5,1
462,2,39,12,1,2,15.006,2.8737,1,12,6,6,4,5,5,5,5,3,9,2.0009,0.7356,0,1,1
463,1,30,14,8,2,12.271,10.324,1,14,6,1,8,9,5,6,8,2,3,1.2359,0.94139,0,1,1
464,2,24,12,7,1,20.399,16.401,1,12,2,2,2,5,5,6,6,5,5,5.9059,0.31548,0,0.54545,14
465,2,22,14,3,1,19.769,35.929,1,14,4,3,4,5,8,7,4,5,6,5.0687,0.40755,0,1,8
467,2,51,12,6,1,6.0328,2.9613,0,12,4,4,4,6,5,3,3,7,6,7.9255e-06,1,0.05,1,5
469,1,31,14,7,1,9.7499,3.5486,1,14,7,2,5,8,4,5,8,3,2,2.2953,0.80695,0,1,3
470,2,32,14,3,1,8.3559,8.3214,1,14,6,1,9,9,8,5,8,4,4,1.6179,0.89908,0,1,5
471,2,32,12,5,2,29.998,27.301,1,12,3,1,6,5,7,3,6,6,4,5.0672,0.40773,0,0.25,5
472,2,31,14,3,1,11.584,32.393,1,14,5,5,6,7,4,6,5,6,6,2.4798,0.77954,0,1,5
473,1,32,12,7,1,36.266,224.3,1,12,4,4,4,7,6,6,7,7,5,44.235,2.0757e-08,0,0.33333,8
474,2,57,12,8,2,10.148,4.065,1,12,2,2,6,4,7,2,5,7,8,2.0915,0.83635,0,1,2
475,2,27,14,8,2,6.0564,1.8477,1,14,6,1,5,6,8,5,6,6,6,9.1962,0.10149,0,1,2
476,1,26,12,2,1,11.292,6.7549,1,12,7,7,5,6,3,5,9,2,5,3.2098,0.66768,0,1,1
477,1,22,12,1,2,15.466,8.4868,1,12,3,2,4,6,4,6,6,7,5,2.2423,0.69128,0,1,5
478,2,23,14,8,2,13.601,31.482,1,14,1,1,1,7,4,2,4,7,5,206.29,0,0.33333,0.88889,5
479,2,31,12,3,1,-6276.9,2.6576e+08,1,12,6,4,5,5,8,5,5,7,4,1.0548,0.30441,0.8,0.625,12
480,1,22,14,6,1,10.267,19.489,1,14,2,1,1,6,2,6,9,8,10,1.6344,0.89706,0,1,1
481,2,22,12,6,1,9.5181,2.4574,1,12,2,3,2,2,6,4,3,5,7,2.0033,0.73515,0,1,1
482,2,22,14,1,2,11.782,7.1951,0,14,3,2,3,7,7,4,7,4,4,3.2037,0.66861,0,1,1
483,2,23,12,1,2,5.6739,4.0823,1,12,2,2,2,3,7,5,5,6,8,2.2441,0.69097,0,1,1
484,1,24,14,7,1,11.842,39.154,1,14,4,3,1,4,4,5,8,5,5,1.1201,0.95231,0,1,5
485,2,24,12,5,2,9.3802,13.732,1,12,4,3,4,5,4,6,7,6,5,1.4056,0.9237,0,1,1
486,2,24,12,8,2,3.2927,0.06464,1,12,7,6,3,7,5,5,7,2,3,1,0.96257,0,1,5
487,1,23,14,8,2,13.502,7.714,1,14,5,2,7,6,8,4,4,4,6,4.0999,0.53512,0,1,1
488,2,19,14,3,1,14.473,5.8479,0,14,5,1,9,4,5,5,6,5,3,3.1169,0.68197,0,1,1
489,1,41,12,4,2,17.065,21.088,1,12,5,1,7,6,3,2,9,7,7,4.6979,0.45385,0,0.33333,1
490,1,18,14,2,1,12.971,11.935,1,14,6,4,2,3,6,5,7,4,6,2.2251,0.8172,0,1,1
491,2,19,14,2,1,28.124,238.14,1,14,7,6,7,5,7,4,2,6,3,6.2438,0.28322,0,0.16667,1
492,1,18,12,3,1,8.811,39.094,1,12,3,3,6,8,5,6,9,6,2,0.7178,0.98198,0.083333,1,1
493,2,62,12,6,1,18.903,94.36,0,12,5,4,5,4,3,3,7,4,6,5.9716,0.30899,0.14286,0.75,1
494,1,60,12,7,1,10.453,5.704,1,12,2,1,4,2,6,5,8,5,5,7.9369,0.15975,0,1,1
495,2,61,12,2,1,9.8828,3.3069,1,12,3,6,4,3,7,6,9,6,5,2.1013,0.83496,0,1,1
498,2,63,14,6,1,8.2601,0.47311,1,14,5,1,6,4,5,5,8,2,6,2,0.84915,0,1,1
499,1,65,14,5,2,25.998,8.8572,1,14,4,3,4,5,7,6,7,4,8,4.0106,0.54789,0,1,7
500,1,20,12,7,1,8.8772,7.2041,1,12,3,3,3,5,8,6,7,6,7,2.4121,0.78967,0,1,1
501,2,38,14,7,1,9.7741,28.051,1,14,3,4,5,4,5,5,7,6,5,1.5683,0.90505,0,0.8,12
502,1,49,12,2,1,11.08,8.5577,1,12,5,1,6,6,5,2,8,4,2,2.044,0.84302,0,1,12
503,2,32,14,3,1,14.831,11.45,1,14,5,1,7,7,6,5,9,4,2,7.6383,0.17733,0,1,4
506,1,50,12,8,2,21.667,5.7362,1,12,3,1,7,7,4,4,9,6,6,5.2065,0.3912,0,0.85714,1
507,1,79,14,2,1,62.015,694.71,0,14,1,1,4,5,6,6,7,4,6,26.474,7.2211e-05,0,0,1
510,1,27,12,2,1,16.25,13.193,1,12,7,6,4,4,5,4,7,6,4,3.9478,0.55696,0,0.71429,5
511,1,46,12,3,1,22.968,13.125,1,12,1,2,6,7,7,5,6,5,5,4.1548,0.52736,0,1,6
512,1,46,14,7,1,17.496,8.7234,1,14,2,2,5,7,6,3,10,4,4,3.1712,0.67361,0,1,1
513,2,22,12,8,2,13.978,5.8633,1,12,1,2,6,6,3,4,6,4,4,3.0147,0.69773,0,1,1
514,1,28,14,7,1,10.102,6.9954,1,14,2,7,1,7,8,8,9,7,7,2.1108,0.83361,0,1,1
515,1,23,12,7,1,13.399,51.637,1,12,2,1,5,6,5,5,7,4,6,1.7188,0.88652,0,0.5,2
516,1,48,14,3,1,9.3898,12.482,1,14,2,1,3,4,6,5,6,4,4,2.1263,0.83141,0,1,1
517,1,28,12,4,2,6.7276,0.40009,1,12,2,1,6,6,6,4,6,6,4,1,0.80125,0,1,1
518,2,22,12,2,1,7.9543,9.56,1,12,7,6,2,2,4,2,4,2,3,1.228,0.94216,0,1,14
519,1,23,14,6,1,7.385,7.8282,1,14,6,5,4,7,7,7,8,5,7,1.3897,0.92544,0,1,13
520,2,19,14,5,2,6.557,13.777,1,14,5,1,7,5,5,8,3,7,5,1.5066,0.9123,0,1,10
521,1,55,14,1,2,13.93,10.292,1,14,5,1,6,9,3,4,6,6,3,3.0196,0.69696,0,1,5
522,2,20,12,3,1,16.159,3.9075,1,12,1,1,5,4,6,3,4,2,6,4.0321,0.5448,0,1,9
523,2,20,14,7,1,10.437,0.32591,1,14,4,3,4,4,4,3,4,2,9,3,0.69999,0,1,9
524,1,49,14,4,2,12.872,12.103,1,14,2,1,8,8,6,3,4,4,4,2.1917,0.82204,0,1,6
526,1,30,12,7,1,9.6988,13.496,1,12,5,5,2,4,7,6,7,5,5,2.2501,0.81357,0,1,6
528,1,33,12,5,2,17.083,15.514,1,12,8,2,8,5,5,5,7,4,3,4.3231,0.5039,0,0.66667,4
529,2,19,12,7,1,13.609,5.2454,1,12,1,2,1,2,5,6,6,4,9,2.1983,0.82109,0,1,6
530,2,19,14,2,1,9.34,6.9241,1,14,7,2,2,2,3,8,8,6,4,2.3393,0.80047,0,1,6
531,2,19,14,4,2,9.2989,10.381,1,14,4,2,3,7,4,7,8,5,5,2.5125,0.77461,0,0.8,1
532,2,22,12,8,2,16.146,13.054,1,12,2,1,7,6,4,5,7,4,3,3.1472,0.67731,0,1,9
533,1,71,14,7,1,7.4175,33.072,0,14,3,1,6,7,5,4,6,7,7,1.2706,0.93792,0,0.66667,11
534,1,43,14,2,1,22.266,31.101,1,14,4,1,5,7,4,5,4,4,9,4.5524,0.47291,0,0.33333,1
536,1,41,12,2,1,9.6605,9.3083,1,12,4,3,3,3,3,3,7,5,5,2.0377,0.8439,0,1,1
537,1,23,12,7,1,8.4566,12.838,1,12,2,1,5,4,6,4,8,4,8,1.5583,0.90625,0,1,1
538,2,18,14,7,1,11.304,5.796,1,14,3,4,4,7,4,6,5,3,5,2.0686,0.83957,0,1,2
539,2,18,12,4,2,8.9115,3.158,1,12,5,3,6,8,8,5,4,4,7,2.0731,0.83894,0,1,2
540,2,33,14,6,1,7.1799,2.8096,1,14,4,5,2,6,3,4,6,4,4,2.173,0.82472,0,1,1
541,2,33,12,7,1,12.99,24.771,0,12,6,1,7,6,2,5,6,2,5,2.5557,0.76809,0,1,12
542,2,25,14,2,1,4.9614,0.18854,1,14,6,7,4,4,4,6,6,4,7,1,0.96257,0,1,1
543,1,22,12,3,1,13.46,25.196,1,12,8,1,7,9,5,6,8,7,5,31.749,6.6611e-06,0,1,5
546,2,46,12,7,1,8.6269,0.52286,1,12,4,3,2,4,8,2,4,6,5,2,0.84915,0,1,8
547,2,49,12,4,2,11.166,3.3509,1,12,1,1,7,5,4,4,6,5,4,3.0812,0.68747,0,1,1
548,2,45,12,5,2,14.795,12.486,1,12,4,2,7,8,3,3,8,6,4,4.7938,0.44156,0,1,1
549,2,21,14,8,2,12.92,3.1732,1,14,3,2,5,7,2,2,8,5,4,3.2029,0.66874,0,1,1
550,2,31,14,8,2,9.9138,1.4046,1,14,1,1,6,4,2,4,5,3,4,3.006,0.69907,0,1,5
551,1,21,14,5,2,9.1731,7.5601,1,14,3,1,7,5,4,3,10,6,7,2.2668,0.81113,0,1,1
552,1,18,12,2,1,9.4441,0.25065,1,12,1,2,2,4,5,5,4,5,6,3,0.69999,0,1,1
553,2,22,12,4,2,12.616,26.911,1,12,4,1,6,7,3,6,4,2,6,2.3707,0.79583,0,1,1
554,2,31,12,6,1,3532.2,7.5134e+06,1,12,4,1,3,4,6,5,8,7,6,10.712,0.057398,0.33333,0,4
555,1,32,14,2,1,106.58,12535,1,14,2,1,6,6,8,6,8,5,4,3.3208,0.65066,0.14286,0.5,4
557,1,24,14,3,1,8.5404,12.189,1,14,6,1,2,4,4,4,8,5,7,2.3205,0.80325,0,1,1
558,2,28,14,1,2,17.279,17.288,1,14,2,2,3,3,3,6,4,5,6,2.4993,0.7766,0,1,1
559,1,27,12,2,1,22.154,57.583,1,12,8,6,2,5,4,5,6,6,6,3.6607,0.59922,0,1,1
560,1,44,14,5,2,18.032,17.042,1,14,3,1,6,8,3,3,6,2,6,3.6892,0.59498,0,0.66667,1
561,2,19,12,8,2,11.132,16.13,1,12,5,2,4,5,5,6,8,6,5,2.5354,0.77116,0,1,2
565,1,30,14,7,1,16.364,79.77,1,14,4,2,1,7,4,6,7,6,4,8.247,0.14314,0.2,1,1
566,2,27,12,1,2,8.4253,7.1929,1,12,8,8,2,2,4,5,6,7,5,2.0994,0.83523,0,1,1
567,1,36,12,4,2,6.2801,1.2945,1,12,2,2,6,5,4,4,8,6,3,1.0007,0.96251,0,1,1
568,2,42,14,3,1,14.891,5.8668,1,14,7,3,3,7,7,5,4,8,4,4.1545,0.52739,0,0.75,1
569,1,25,12,3,1,12.785,4.9241,1,12,5,2,7,7,6,8,7,6,5,3.1268,0.68045,0,1,8
570,2,48,12,1,2,8.8642,1.9681,1,12,2,2,1,4,4,3,6,6,6,2.062,0.8405,0,1,1
573,2,26,12,8,2,18.023,48.466,1,12,2,1,5,9,5,5,6,5,4,5.6102,0.34601,0,1,2
574,2,34,14,8,2,14.214,3.4995,1,14,1,1,6,4,4,4,4,6,3,3.3481,0.64649,0,1,5
575,2,23,12,7,1,22.278,50.91,1,12,2,2,2,6,5,4,9,4,6,5.0005,0.41582,0,1,1
576,1,23,12,7,1,7.5329,6.2,1,12,3,2,1,4,5,6,6,6,6,3.1281,0.68025,0,1,1
577,2,25,14,6,1,11.001,6.0838,1,14,6,4,4,4,6,6,8,4,6,3.0413,0.69362,0,0.88889,1
578,1,20,12,8,2,8.2855,16.831,1,12,7,4,8,8,5,8,4,3,8,2.0954,0.83579,0,1,1
579,2,20,14,2,1,12.394,4.108,1,14,6,7,2,3,7,3,3,3,8,3.0369,0.69429,0,1,1
580,1,21,12,8,2,13.781,4.7418,1,12,4,2,5,2,4,2,6,4,6,5.0576,0.40889,0,0.66667,1
581,2,23,12,6,1,20.036,31.188,1,12,1,5,3,5,3,6,9,6,4,3.6417,0.60207,0,0.5,1
582,2,24,14,2,1,8.3165,6.8009,1,14,5,6,2,3,5,7,7,4,6,2.2065,0.8199,0,1,1
585,2,23,12,6,1,12.238,12.849,1,12,7,6,2,4,5,4,7,6,3,2.3708,0.79581,0,1,1
586,1,25,14,2,1,13.829,2.8104,1,14,3,3,4,6,5,7,6,4,4,4.3228,0.50393,0,1,1
